-200 200 -200 200
63.997 -46.1863 
65.6638 -44.2005 
67.3306 -42.2147 
68.9975 -40.229 
70.6643 -38.2432 
72.3311 -36.2574 
73.9979 -34.2716 
75.6647 -32.2858 
77.3315 -30.3 
78.9983 -28.3142 
80.6651 -26.3285 
82.3319 -24.3427 
83.9987 -22.3569 
85.6655 -20.3711 
87.3323 -18.3853 
88.9991 -16.3995 
90.6659 -14.4137 
92.3327 -12.4279 
93.9996 -10.4422 
95.6664 -8.45637 
97.3332 -6.47059 
99 -4.4848 
100.667 -2.49901 
102.334 -0.513227 
104 1.47256 
105.667 3.45835 
107.334 5.44413 
109.001 7.42992 
110.668 9.41571 
112.334 11.4015 
114.001 13.3873 
115.668 15.3731 
117.335 17.3589 
119.002 19.3446 
120.668 21.3304 
122.335 23.3162 
124.002 25.302 
125.669 27.2878 
127.336 29.2736 
129.002 31.2594 
130.669 33.2451 
132.336 35.2309 
134.003 37.2167 
135.67 39.2025 
137.337 41.1883 
139.003 43.1741 
140.67 45.1599 
142.337 47.1456 
144.004 49.1314 
145.671 51.1172 
147.337 53.103 
149.004 55.0888 
150.671 57.0746 
152.338 59.0604 
154.005 61.0462 
155.671 63.0319 
157.338 65.0177 
159.005 67.0035 
160.672 68.9893 
162.339 70.9751 
164.005 72.9609 
165.672 74.9467 
167.339 76.9324 
169.006 78.9182 
170.673 80.904 
172.339 82.8898 
174.006 84.8756 
175.673 86.8614 
177.34 88.8472 
179.007 90.833 
180.674 92.8187 
182.34 94.8045 
182.507 96.7903 
181.174 98.7761 
179.841 100.762 
178.508 102.748 
177.174 104.733 
175.841 106.719 
174.508 108.705 
173.175 110.691 
171.842 112.677 
170.508 114.662 
169.175 116.648 
167.842 118.634 
166.509 120.62 
165.176 122.606 
163.842 124.591 
162.509 126.577 
161.176 128.563 
159.843 130.549 
158.51 132.534 
157.176 134.52 
155.843 136.506 
154.51 138.492 
153.177 140.478 
151.844 142.463 
150.51 144.449 
149.177 146.435 
147.844 148.421 
146.511 150.407 
145.178 152.392 
143.845 154.378 
142.511 156.364 
141.178 158.35 
139.845 160.335 
138.512 162.321 
137.179 164.307 
135.845 166.293 
134.512 168.279 
133.179 170.264 
131.846 172.25 
130.513 174.236 
129.179 176.222 
127.846 178.208 
126.513 180.193 
125.18 182.179 
123.847 182.665 
122.513 181.651 
121.18 180.636 
119.847 179.622 
118.514 178.608 
117.181 177.594 
115.847 176.58 
114.514 175.565 
113.181 174.551 
111.848 173.537 
110.515 172.523 
109.182 171.509 
107.848 170.494 
106.515 169.48 
105.182 168.466 
103.849 167.452 
102.516 166.437 
101.182 165.423 
99.8491 164.409 
98.516 163.395 
97.1828 162.381 
95.8496 161.366 
94.5164 160.352 
93.1832 159.338 
91.85 158.324 
90.5168 157.31 
89.1836 156.295 
87.8504 155.281 
86.5172 154.267 
85.184 153.253 
83.8508 152.239 
82.5176 151.224 
81.1844 150.21 
79.8513 149.196 
78.5181 148.182 
77.1849 147.167 
75.8517 146.153 
74.5185 145.139 
73.1853 144.125 
71.8521 143.111 
70.5189 142.096 
69.1857 141.082 
67.8525 140.068 
66.5193 139.054 
65.1861 138.04 
63.8529 137.025 
62.5197 136.011 
61.1865 134.997 
59.8534 133.983 
58.5202 132.968 
57.187 131.954 
55.8538 130.94 
54.5206 129.926 
53.1874 128.912 
51.8542 127.897 
50.521 126.883 
49.1878 125.869 
47.8546 124.855 
46.5214 123.841 
45.1882 122.826 
43.855 121.812 
42.5218 120.798 
41.1887 119.784 
39.8555 118.769 
38.5223 117.755 
37.1891 116.741 
35.8559 115.727 
34.5227 114.713 
33.1895 113.698 
31.8563 112.684 
30.5231 111.67 
29.1899 110.656 
27.8567 109.642 
26.5235 108.627 
25.1903 107.613 
23.8571 106.599 
22.5239 105.585 
21.1908 104.57 
19.8576 103.556 
18.5244 102.542 
17.1912 101.528 
15.858 100.514 
14.5248 99.4994 
13.1916 98.4852 
11.8584 97.471 
10.5252 96.4568 
9.19202 95.4426 
7.85882 94.4283 
6.52563 93.4141 
5.19244 92.3999 
3.85924 91.3857 
2.52605 90.3715 
1.19286 89.3573 
-0.140335 88.3431 
-1.47353 87.3288 
-2.80672 86.3146 
-4.13991 85.3004 
-5.47311 84.2862 
-6.8063 83.272 
-8.13949 82.2578 
-9.47269 81.2436 
-10.8059 80.2293 
-12.1391 79.2151 
-13.4723 78.2009 
-14.8055 77.1867 
-16.1387 76.1725 
-17.4718 75.1583 
-18.805 74.1441 
-20.1382 73.1299 
-21.4714 72.1156 
-22.8046 71.1014 
-24.1378 70.0872 
-25.471 69.073 
-26.8042 68.0588 
-28.1374 67.0446 
-29.4706 66.0304 
-30.8038 65.0161 
-32.137 64.0019 
-33.4702 62.9877 
-34.8034 61.9735 
-36.1366 60.9593 
-37.4697 59.9451 
-38.8029 58.9309 
-40.1361 57.9167 
-41.4693 56.9024 
-42.8025 55.8882 
-44.1357 54.874 
-45.4689 53.8598 
-46.8021 52.8456 
-48.1353 51.8314 
-49.4685 50.8172 
-50.8017 49.8029 
-52.1349 48.7887 
-53.4681 47.7745 
-54.8013 46.7603 
-56.1344 45.7461 
-57.4676 44.7319 
-58.8008 43.7177 
-60.134 42.7034 
-61.4672 41.6892 
-62.8004 40.675 
-64.1336 39.6608 
-65.4668 38.6466 
-66.8 37.6324 
-68.1332 36.6182 
-69.4664 35.604 
-70.7996 34.5897 
-72.1328 33.5755 
-73.466 32.5613 
-74.7992 31.5471 
-76.1323 30.5329 
-77.4655 29.5187 
-78.7987 28.5045 
-80.1319 27.4902 
-81.4651 26.476 
-82.7983 25.4618 
-84.1315 24.4476 
-85.4647 23.4334 
-86.7979 22.4192 
-88.1311 21.405 
-89.4643 20.3908 
-90.7975 19.3765 
-92.1307 18.3623 
-93.4639 17.3481 
-94.797 16.3339 
-96.1302 15.3197 
-97.4634 14.3055 
-98.7966 13.2913 
-100.13 12.277 
-101.463 11.2628 
-102.796 10.2486 
-104.129 9.2344 
-105.463 8.22019 
-106.796 7.20598 
-108.129 6.19176 
-109.462 5.17755 
-110.795 4.16334 
-112.129 3.14912 
-113.462 2.13491 
-114.795 1.12069 
-116.128 0.106481 
-117.461 -0.907732 
-118.795 -1.92195 
-120.128 -2.93616 
-121.461 -3.95037 
-122.794 -4.96459 
-124.127 -5.9788 
-125.46 -6.99301 
-126.794 -8.00723 
-128.127 -9.02144 
-129.46 -10.0357 
-130.793 -11.0499 
-132.126 -12.0641 
-133.46 -13.0783 
-134.793 -14.0925 
-136.126 -15.1067 
-137.459 -16.1209 
-138.792 -17.1351 
-140.126 -18.1494 
-141.459 -19.1636 
-142.792 -20.1778 
-144.125 -21.192 
-145.458 -22.2062 
-146.792 -23.2204 
-148.125 -24.2346 
-149.458 -25.2489 
-150.791 -26.2631 
-152.124 -27.2773 
-153.458 -28.2915 
-154.791 -29.3057 
-156.124 -30.3199 
-157.457 -31.3341 
-158.79 -32.3484 
-160.124 -33.3626 
-161.457 -34.3768 
-162.79 -35.391 
-164.123 -36.4052 
-165.456 -37.4194 
-166.789 -38.4336 
-168.123 -39.4478 
-169.456 -40.4621 
-170.789 -41.4763 
-172.122 -42.4905 
-173.455 -43.5047 
-174.789 -44.5189 
-176.122 -45.5331 
-177.455 -46.5473 
-178.788 -47.5616 
-180.121 -48.5758 
-181.455 -49.59 
-182.788 -50.6042 
-182.621 -51.6184 
-180.954 -52.6326 
-179.287 -53.6468 
-177.621 -54.661 
-175.954 -55.6753 
-174.287 -56.6895 
-172.62 -57.7037 
-170.953 -58.7179 
-169.287 -59.7321 
-167.62 -60.7463 
-165.953 -61.7605 
-164.286 -62.7748 
-162.619 -63.789 
-160.952 -64.8032 
-159.286 -65.8174 
-157.619 -66.8316 
-155.952 -67.8458 
-154.285 -68.86 
-152.618 -69.8743 
-150.952 -70.8885 
-149.285 -71.9027 
-147.618 -72.9169 
-145.951 -73.9311 
-144.284 -74.9453 
-142.618 -75.9595 
-140.951 -76.9737 
-139.284 -77.988 
-137.617 -79.0022 
-135.95 -80.0164 
-134.284 -81.0306 
-132.617 -82.0448 
-130.95 -83.059 
-129.283 -84.0732 
-127.616 -85.0875 
-125.95 -86.1017 
-124.283 -87.1159 
-122.616 -88.1301 
-120.949 -89.1443 
-119.282 -90.1585 
-117.616 -91.1727 
-115.949 -92.1869 
-114.282 -93.2012 
-112.615 -94.2154 
-110.948 -95.2296 
-109.281 -96.2438 
-107.615 -97.258 
-105.948 -98.2722 
-104.281 -99.2864 
-102.614 -100.301 
-100.947 -101.315 
-99.2806 -102.329 
-97.6138 -103.343 
-95.947 -104.358 
-94.2802 -105.372 
-92.6134 -106.386 
-90.9466 -107.4 
-89.2798 -108.414 
-87.613 -109.429 
-85.9462 -110.443 
-84.2794 -111.457 
-82.6126 -112.471 
-80.9458 -113.485 
-79.279 -114.5 
-77.6122 -115.514 
-75.9453 -116.528 
-74.2785 -117.542 
-72.6117 -118.557 
-70.9449 -119.571 
-69.2781 -120.585 
-67.6113 -121.599 
-65.9445 -122.613 
-64.2777 -123.628 
-62.6109 -124.642 
-60.9441 -125.656 
-59.2773 -126.67 
-57.6105 -127.684 
-55.9437 -128.699 
-54.2769 -129.713 
-52.6101 -130.727 
-50.9432 -131.741 
-49.2764 -132.755 
-47.6096 -133.77 
-45.9428 -134.784 
-44.276 -135.798 
-42.6092 -136.812 
-40.9424 -137.827 
-39.2756 -138.841 
-37.6088 -139.855 
-35.942 -140.869 
-34.2752 -141.883 
-32.6084 -142.898 
-30.9416 -143.912 
-29.2748 -144.926 
-27.6079 -145.94 
-25.9411 -146.954 
-24.2743 -147.969 
-22.6075 -148.983 
-20.9407 -149.997 
-19.2739 -151.011 
-17.6071 -152.026 
-15.9403 -153.04 
-14.2735 -154.054 
-12.6067 -155.068 
-10.9399 -156.082 
-9.27307 -157.097 
-7.60627 -158.111 
-5.93946 -159.125 
-4.27265 -160.139 
-2.60585 -161.153 
-0.93904 -162.168 
0.727767 -163.182 
2.39457 -164.196 
4.06138 -165.21 
5.72819 -166.225 
7.39499 -167.239 
9.0618 -168.253 
10.7286 -169.267 
12.3954 -170.281 
14.0622 -171.296 
15.729 -172.31 
17.3958 -173.324 
19.0626 -174.338 
20.7294 -175.352 
22.3963 -176.367 
24.0631 -177.381 
25.7299 -178.395 
27.3967 -179.409 
29.0635 -180.424 
30.7303 -181.438 
32.3971 -182.452 
34.0639 -181.966 
35.7307 -181.48 
37.3975 -180.995 
39.0643 -180.509 
40.7311 -180.023 
42.3979 -179.537 
44.0647 -179.051 
45.7316 -178.566 
47.3984 -178.08 
49.0652 -177.594 
50.732 -177.108 
52.3988 -176.623 
54.0656 -176.137 
55.7324 -175.651 
57.3992 -175.165 
59.066 -174.679 
60.7328 -174.194 
62.3996 -173.708 
64.0664 -173.222 
65.7332 -172.736 
67.4 -172.25 
69.0668 -171.765 
70.7337 -171.279 
